4 3 3 5 7
3 20 30 40
54 4458 3800 7572 6237 2354 7090 7396 613 628 1847 2446 2259 58 7788 6579 5678 3454 2446 5078 8716 7142 3350 7078 9039 8335 9209 6011 7362 8781 289 7030 7736 2315 8231 2762 5880 8292 9301 7100 4678 3288 6343 7212 572 1579 9086 8234 2950 3789 8395 7528 8724 8102 6353
63 8987 8832 4699 6438 5028 6630 7135 8773 3907 816 7902 8162 2451 6199 4813 6479 3118 244 8328 1343 1742 3235 8330 2881 6341 1588 937 9511 871 3523 3693 5527 7095 4304 5480 6556 2205 1815 2211 2924 9607 8381 6066 7778 3091 5136 5078 109 3200 6004 1727 5425 8060 3553 3605 1300 3314 7097 9403 1965 9189 3289 8134
18 8799 1578 5557 1059 2161 2418 1298 2728 6768 3800 8073 1472 2830 277 49 9598 5021 8784
76 8529 2737 4039 3249 358 3237 9539 8924 8178 1784 4588 9959 8723 6831 203 9397 2093 1689 4291 66 4555 2004 2481 1660 8368 9401 8855 6776 5568 5535 7604 4347 4289 8964 352 560 5457 5225 5452 6595 6786 4156 3597 9291 5236 8048 2565 5030 4994 6397 959 7207 4326 2377 5352 8732 9661 6122 8202 3450 9671 4765 4206 2134 7608 7530 2396 1366 9520 7484 1756 1148 3345 3569 5269 7241
3 4749 2860 3067
4 3 3 5 7
50 1561 2859 3707 6352 8368 7885 4193 8344 4657 299 1552 9054 2351 9146 5243 4707 6193 8225 3977 240 3530 8658 8526 9373 8105 6398 3728 4742 407 6694 4033 6523 7615 3314 5672 762 7850 5259 4464 4597 4864 6206 8388 2068 7819 3806 4261 2675 4412 2047
44 2392 1720 7488 7519 7550 1050 3948 4436 8825 9686 1967 7521 2904 3843 7774 5988 8720 5243 256 2244 4670 7510 1135 7037 1444 667 8941 7906 5520 3535 3839 2482 9327 8212 1982 7335 3413 369 644 9047 3892 7164 1129 8029
3 20 30 40
36 2243 871 2844 3788 9715 4891 9065 264 8744 1085 6119 6941 1561 3463 7750 1223 8242 8801 5092 4002 839 5841 2926 9804 7973 2076 629 861 1760 4857 3553 2338 6033 237 2821 8218